0 100000000
0 200000000
0 300000000
0 400000000
0 500000000
0 600000000
0 700000000
0 799999999
0 899999999
0 999999999
0 1099999999
0 1200000000
0 1300000000
0 1400000000
0 1500000000
0 1600000000
0 1700000000
0 1800000000
0 1900000000
0 2000000000
0 2100000000
0 2200000000
0 2300000000
0 2400000000
0 2500000000
0 2600000000
0 2700000000
0 2800000000
0 2900000000
0 3000000000
0 3100000000
0 3200000000
0 3300000000
0 3400000000
0 3500000000
0 3600000000
0 3700000000
0 3800000000
0 3900000000
0 4000000000
0 4100000000
0 4200000000
0 4300000000
0 4400000000
0 4500000000
0 4600000000
0 4699999999
0 4799999999
0 4899999999
0 4999999999
0 5099999999
0 5199999999
0 5299999999
0 5399999999
0 5499999999
0 5599999999
0 5699999999
0 5799999999
0 5899999999
0 5999999999
0 6099999999
0 6199999999
0 6299999999
0 6399999999
0 6499999999
0 6599999999
0 6699999999
0 6799999999
0 6899999999
0 6999999999
0 7099999999
0 7199999999
0 7299999999
0 7399999999
0 7499999999
0 7599999999
0 7699999999
0 7799999999
0 7899999999
0 7999999999
0 8099999999
0 8199999999
0 8299999999
0 8399999999
0 8499999999
0 8599999999
0 8699999999
0 8799999999
0 8899999999
0 8999999999
0 9099999999
0 9199999999
0 9299999999
0 9399999999
0 9499999999
0 9599999999
0 9699999999
0 9799999999
0 9899999999
0 9999999999
0 10099999999
